986.26
986.76
986.76
983.75
990.13
985.63
986.92
980.17
986.95
983.64
985.74
990.58
982.78
987.47
986.61
985.02
989.39
984.45
984.18
989.94
985.19
983.76
985.07
989.60
985.99
986.01
984.79
988.72
987.89
985.84
987.36
985.22
987.15
985.44
986.88
987.22
986.28
985.16
983.57
990.01
986.46
986.89
985.43
988.06
985.49
985.74
980.91
984.56
986.46
987.14
982.62
989.23
983.68
985.16
983.77
986.73
985.87
986.17
989.15
988.55
983.90
986.24
987.70
983.55
984.70
982.02
985.29
986.16
987.06
989.56
984.46
984.50
987.99
988.44
984.21
984.42
989.44
987.11
988.68
985.58
988.10
987.76
983.86
988.44
983.78
986.71
984.36
989.04
984.43
986.11
987.00
986.68
983.10
987.99
983.73
984.03
988.82
985.65
983.06
981.91
983.30
984.29
988.42
987.89
985.91
986.13
988.67
988.35
988.91
983.42
983.97
986.99
983.55
985.83
984.03
984.95
986.19
982.51
988.53
988.56
983.90
984.56
986.20
984.16
988.69
985.70
987.43
987.29
987.48
986.18
986.32
985.15
986.30
984.84
986.24
985.85
984.02
989.34
984.98
986.69
983.03
985.52
988.22
987.25
982.54
990.32
986.12
985.30
983.17
986.11
989.05
986.56
985.24
986.59
986.84
986.30
983.79
983.83
988.22
987.57
985.55
987.55
987.02
987.68
982.14
986.10
988.51
987.14
988.84
985.52
986.37
982.00
983.49
987.26
984.64
985.21
983.74
987.10
988.68
988.14
988.86
985.69
983.46
988.98
983.71
985.52
987.21
986.93
985.05
986.80
984.34
984.31
986.29
986.50
987.61
987.47
990.58
985.93
983.86
980.76
985.03
983.95
985.17
986.07
986.53
984.63
986.95
988.93
987.03
984.85
984.65
988.00
987.48
983.90
983.33
982.05
986.78
983.36
987.43
989.57
986.37
987.54
985.79
988.25
982.09
985.53
984.79
985.22
985.19
986.41
985.89
983.06
985.49
989.37
984.67
984.51
987.29
984.89
983.28
985.49
984.45
986.30
984.90
986.34
985.27
986.34
986.17
986.59
984.09
986.45
985.10
985.43
985.85
987.15
985.24
988.56
984.90
985.10
984.42
986.12
988.00
988.50
983.63
988.36
982.94
982.15
988.27
988.71
983.58
984.09
984.45
984.38
988.27
987.76
984.70
986.90
987.84
986.29
988.32
988.77
985.64
986.08
983.79
988.63
982.76
986.16
982.42
984.03
987.42
983.34
983.37
988.21
988.54
989.76
980.88
990.24
987.66
984.58
987.34
986.69
989.44
982.89
984.30
987.33
986.32
985.96
985.86
987.98
987.30
985.72
987.40
986.34
982.04
984.50
986.41
986.36
983.27
987.62
983.80
985.99
983.63
986.77
984.15
988.32
982.78
987.92
985.58
985.79
990.69
983.27
983.97
986.96
986.28
983.96
985.22
983.46
986.27
984.57
991.00
983.66
984.89
986.87
989.39
987.06
985.05
986.35
984.13
987.30
989.76
985.48
983.72
990.09
987.65
983.81
985.20
986.84
988.36
984.48
985.51
985.08
981.45
984.83
987.73
984.90
985.67
987.37
986.85
984.57
992.93
984.22
985.77
985.44
985.62
986.62
989.95
986.51
988.20
984.19
984.67
988.79
989.52
984.45
985.29
983.95
987.63
988.85
987.56
986.62
985.85
987.38
984.16
982.56
984.24
987.48
985.11
981.85
986.52
986.70
986.79
986.90
990.32
984.40
986.22
983.87
987.60
986.62
988.15
986.27
985.27
986.20
984.29
986.73
987.82
985.31
984.66
985.49
987.91
981.98
987.56
988.38
983.87
985.34
984.38
987.85
985.69
986.92
984.63
980.55
986.53
987.53
985.06
988.01
989.41
985.93
984.14
984.75
986.79
987.30
988.54
989.16
985.35
984.81
984.58
985.55
991.27
985.43
981.79
987.56
988.11
990.67
987.34
985.74
985.00
985.59
985.43
984.24
985.33
981.02
983.01
990.08
985.49
984.96
987.80
987.41
985.26
983.05
987.83
984.21
985.59
982.85
988.25
987.56
988.22
982.96
984.86
984.52
984.42
985.44
990.61
984.00
987.59
987.92
985.89
985.75
982.41
982.59
987.53
985.19
986.44
985.02
988.04
986.52
987.12
985.82
985.73
987.12
986.29
983.66
983.26
982.61
985.58
984.39
985.01
986.57
985.47
987.01
986.37
985.14
987.80
986.03
985.78
986.68
985.47
988.15
983.66
988.17
985.93
991.50
986.22
984.27
984.77
984.76
987.48
986.36
985.35
988.98
985.19
988.11
986.58
986.39
985.71
986.78
983.69
988.90
984.84
986.25
984.05
990.37
985.85
987.93
986.89
987.42
985.56
988.66
984.27
987.07
986.29
989.84
985.40
986.43
992.92
986.64
988.67
987.92
985.74
986.80
984.14
983.21
986.37
985.51
985.29
985.83
986.56
986.53
987.79
986.84
985.11
984.48
986.48
983.62
983.70
983.26
985.60
984.66
989.73
988.30
987.87
988.49
985.78
986.82
985.50
988.52
990.03
983.53
985.13
988.24
989.12
989.25
982.56
985.14
989.55
986.19
985.73
989.74
987.43
987.40
984.96
986.56
987.02
983.39
986.19
983.66
984.88
987.44
985.43
985.01
984.78
986.90
985.54
983.62
988.12
987.70
986.59
985.83
984.51
985.96
985.56
986.35
986.94
986.82
983.99
985.90
986.71
982.94
987.24
984.01
984.89
987.18
987.98
982.78
987.69
983.68
986.15
984.46
985.42
986.35
984.94
985.65
984.87
991.04
985.57
990.01
986.95
987.72
985.97
987.01
987.12
988.05
983.84
981.06
984.20
984.92
984.79
985.24
986.26
987.82
987.00
983.48
985.24
983.75
986.86
989.85
983.49
986.05
987.46
986.43
990.51
985.44
987.45
985.44
986.05
982.67
987.05
989.59
987.38
987.66
983.77
982.72
985.52
984.55
987.09
986.03
981.84
984.15
991.33
988.86
989.23
985.19
986.59
987.14
989.16
986.79
988.54
984.98
984.96
984.39
983.11
985.55
985.44
981.96
987.58
987.30
984.98
984.26
988.53
986.11
984.49
982.28
984.72
986.34
989.71
986.26
987.85
983.66
988.17
990.29
984.59
987.61
986.20
987.42
984.85
984.70
986.33
985.17
989.50
984.49
988.68
986.52
983.44
981.92
989.65
987.02
988.07
989.59
986.57
986.25
988.19
989.38
985.89
987.23
984.48
986.28
983.54
985.11
984.19
988.88
987.56
989.18
983.33
985.67
985.45
985.33
986.63
987.08
985.75
986.23
983.39
986.18
990.46
985.35
985.47
987.34
985.60
986.46
984.53
987.43
987.88
984.60
987.44
985.19
987.11
986.76
982.72
986.58
984.31
985.18
992.13
986.57
983.54
986.95
986.50
987.26
983.93
984.70
983.71
984.55
984.64
983.37
984.41
989.32
984.20
984.75
986.19
988.86
984.10
986.22
985.02
990.17
982.57
985.43
983.65
986.84
981.42
984.21
985.14
984.18
987.42
985.24
987.83
985.90
986.81
986.77
984.37
989.52
986.74
986.05
988.40
985.68
982.44
988.50
983.98
982.93
983.63
984.91
987.57
986.82
987.40
987.65
984.29
990.70
984.01
985.79
985.08
987.29
982.83
988.94
984.18
986.66
987.62
984.97
991.44
984.62
984.29
987.51
983.63
983.85
985.15
985.88
985.71
985.69
989.26
988.37
986.90
984.16
984.59
984.02
985.81
985.16
985.83
986.72
986.15
988.28
985.99
987.78
986.73
989.05
984.96
986.01
989.35
982.32
984.78
988.07
981.45
987.24
990.49
988.70
987.66
988.65
991.42
987.65
986.02
986.91
984.32
988.82
988.95
985.85
987.53
983.73
988.47
985.55
983.76
984.20
986.96
986.75
987.68
983.08
986.75
982.69
986.50
986.69
986.20
987.70
987.86
983.23
982.02
987.28
985.84
985.33
982.96
986.15
990.21
985.38
984.67
987.89
983.43
984.34
984.71
988.55
989.36
985.82
988.20
987.79
986.10
984.99
987.47
989.25
983.28
987.55
987.23
988.65
988.04
983.88
983.83
987.10
987.49
985.73
982.93
984.36
985.23
987.01
982.25
984.64
986.90
987.10
983.23
986.40
986.67
984.28
988.41
984.05
988.08
987.97
986.35
982.04
984.08
986.78
989.16
986.21
988.06
984.39
986.03
984.42
985.91
984.29
985.94
988.45
983.94
982.67
985.59
986.41
987.64
986.44
987.31
986.77
980.64
989.86
986.43
985.05
987.15
985.73
983.59
987.16
985.55
984.27
983.61
989.61
986.18
986.05
985.13
986.00
983.61
986.25
986.19
984.34
985.74
987.73
986.48
986.56
986.80
986.24
986.02
987.78
986.81
984.66
990.66
987.70
987.26
985.63
989.21
986.78
985.24
986.72
985.44
988.13
986.13
985.17
983.58
985.42
986.79
987.28
984.75
990.13
985.34
984.89
989.01
988.30
985.76
985.40
986.05
988.80
988.55
986.42
986.80
988.12
987.59
986.89
987.99
986.19
985.29
987.29
987.00
987.59
984.41
984.54
985.22
989.00
983.14
977.82
987.57
985.15
981.49
985.94
984.60
986.56
983.48
984.23
984.34
988.31
989.11
986.47
984.97
986.84
987.59
983.77
984.28
988.59
987.60
989.89
986.40
988.58
984.46
987.67
989.96
986.35
991.48
984.40
989.67
983.64
982.67
983.83
991.58
983.04
986.76
987.88
982.65
984.27
984.02
985.42
987.87
984.79
987.09
983.36
989.24
984.85
987.63
983.23
985.16
985.09
983.45
984.35
984.48
986.69
987.30
987.52
985.57
984.54
985.42
986.32
982.73
984.67
986.54
981.59
986.76
986.92
989.03
984.21
988.82
986.70
982.74
989.05
987.07
988.74
985.67
986.12
986.35
986.62
987.56
987.24
984.64
991.04
986.80
988.70
988.05
987.10
985.58
985.19
983.66
983.24
987.95
984.51
986.96
984.82
988.22
983.02
986.18
987.73
983.09
986.13
985.94
988.02
983.81
988.61
986.09
983.05
985.06
984.44
984.62
985.98
984.79
986.68
988.94
986.95
987.97
982.05
985.35
985.04
987.37
987.12
985.37
989.44
984.81
982.95
987.55
985.82
986.83
985.37
987.23
989.23
985.09
987.12
985.53
985.28
986.58
988.76
988.84
984.12
986.08
981.58
988.20
986.03
986.49
986.43
984.34
987.48
987.38
984.95
984.61
982.05
991.07
989.22
988.72
984.99
984.97
986.41
986.30
985.70
989.33
986.62
985.64
987.01
984.24
989.81
987.04
986.86
985.55
986.46
986.76
985.54
982.60
983.31
984.49
984.41
986.21
988.08
986.07
987.58
985.18
989.19
986.43
984.10
986.92
985.85
988.04
987.41
984.14
983.86
986.44
983.91
985.91
987.75
984.88
983.03
987.01
986.50
983.75
984.28
984.73
987.03
987.00
988.16
985.03
987.02
989.09
983.98
986.04
984.07
986.02
985.79
978.83
983.90
982.36
984.51
985.80
982.26
985.66
984.63
985.39
982.40
986.94
984.25
985.98
989.10
984.75
986.00
990.22
982.56
986.43
985.20
986.23
987.21
987.34
988.87
986.17
988.43
985.36
987.02
986.47
985.08
983.21
990.75
985.85
984.99
985.00
984.61
989.00
983.99
984.93
987.19
988.95
987.06
986.36
986.84
986.46
986.05
983.11
987.93
988.20
985.23
983.81
986.16
984.82
986.21
986.56
985.82
985.84
989.06
988.42
985.14
984.51
983.53
983.44
986.67
984.60
983.17
986.38
985.78
985.65
984.91
988.58
987.40
988.38
987.42
985.04
982.81
987.06
986.38
986.36
985.73
986.56
988.76
988.36
989.16
984.87
982.31
988.22
986.28
987.03
984.87
985.02
984.95
988.62
983.26
985.60
988.73
982.63
989.14
985.86
983.28
984.75
987.15
985.81
986.53
985.26
982.89
982.89
985.40
984.77
984.30
981.56
982.75
982.56
989.94
989.06
982.62
987.13
984.85
987.23
986.14
985.48
983.02
986.80
982.90
984.77
984.80
987.20
985.26
988.28
988.36
987.79
986.54
987.91
988.43
982.11
987.53
987.70
985.84
989.57
984.69
985.46
984.52
985.06
985.47
989.35
984.80
987.79
987.19
988.37
987.51
983.81
987.37
985.89
987.27
986.29
983.16
983.19
983.90
987.03
988.53
987.03
983.16
985.24
984.56
986.85
990.42
983.69
985.34
985.18
989.25
989.82
986.49
986.34
985.02
984.65
984.10
984.40
987.18
987.51
987.93
986.55
987.49
987.54
989.67
989.84
987.51
986.87
985.83
986.12
986.85
983.87
985.54
989.10
983.95
986.18
984.16
987.88
984.00
983.20
986.54
985.24
985.05
986.51
987.48
984.32
980.91
984.01
986.43
986.30
985.95
981.31
984.11
986.24
987.48
985.18
985.02
983.55
984.49
984.11
983.83
986.96
984.87
985.21
985.66
984.30
985.45
984.77
985.12
984.62
984.58
984.37
987.15
986.80
985.40
984.37
986.67
988.83
985.98
986.71
984.86
986.77
986.68
987.45
986.07
988.47
987.57
989.16
985.46
984.93
986.05
986.15
986.17
986.05
988.32
983.70
988.12
985.52
986.25
984.02
988.44
989.33
984.66
985.66
989.84
984.18
986.47
987.28
988.00
982.81
984.67
986.72
985.32
988.48
986.92
987.38
984.72
990.10
986.63
986.75
987.13
987.08
982.77
986.41
985.45
985.23
985.04
985.73
982.44
985.51
985.26
986.45
987.37
986.92
985.26
987.90
985.98
985.26
985.96
988.55
984.02
989.01
986.17
985.25
983.21
988.43
983.54
983.58
983.31
988.20
986.51
986.68
983.50
984.42
984.98
987.18
982.92
985.82
983.04
983.40
986.56
989.09
988.38
981.73
987.30
986.33
988.59
986.24
982.31
985.95
986.08
986.54
988.17
989.75
983.15
987.82
985.43
988.15
982.28
983.02
983.24
987.58
981.37
987.91
985.74
984.38
987.84
987.34
988.86
986.52
986.72
982.77
986.34
985.92
986.38
986.02
986.69
986.12
986.75
987.80
984.89
988.10
984.84
985.31
983.86
986.82
986.82
985.70
984.28
986.23
985.58
986.02
988.82
985.32
983.18
988.86
986.48
987.71
984.73
985.39
985.03
988.37
986.68
984.69
986.40
985.97
989.59
983.25
982.28
989.58
987.48
985.92
986.97
987.22
987.14
987.85
981.72
987.54
987.00
984.54
984.50
983.08
988.32
986.68
988.35
986.13
984.45
983.58
986.76
982.45
985.74
986.13
985.62
988.10
981.30
987.87
985.30
986.06
986.41
985.76
985.79
984.76
986.06
982.51
987.54
986.14
986.19
982.26
984.87
989.08
983.04
982.45
985.18
985.96
984.99
986.59
987.64
985.04
984.87
985.69
987.86
988.24
984.72
987.03
984.72
987.23
983.30
984.43
987.59
985.02
986.84
985.61
987.73
986.33
983.81
986.37
987.13
985.11
982.34
985.88
988.36
987.13
985.16
986.20
986.39
986.43
986.81
984.44
985.85
981.85
988.40
985.19
984.06
988.67
986.63
986.79
986.88
986.10
989.51
985.59
985.77
984.90
985.47
983.34
984.56
985.15
983.73
986.67
987.77
985.93
989.27
988.71
985.87
987.00
986.07
986.44
983.31
987.28
987.05
985.18
986.42
986.43
990.56
985.06
986.82
985.44
987.14
986.86
984.50
984.49
984.28
984.98
986.96
984.18
987.28
983.22
982.91
985.23
988.38
984.16
985.52
991.37
984.92
986.00
984.80
983.68
985.48
985.35
987.65
986.35
987.33
989.97
985.50
983.10
987.89
987.17
989.98
984.57
983.39
989.88
986.08
982.28
981.77
987.08
983.13
982.82
984.30
986.41
981.22
988.51
985.40
988.48
985.09
981.00
985.74
990.38
985.22
990.01
984.09
985.59
988.88
987.35
983.26
983.76
986.28
986.35
987.33
988.67
984.24
988.21
984.36
987.70
986.26
988.09
982.81
986.81
987.61
988.70
989.71
985.79
986.90
987.99
985.13
982.69
986.04
988.20
986.58
986.27
988.42
987.55
985.40
984.72
984.01
983.61
983.18
985.36
985.88
986.82
984.69
988.63
987.00
984.65
985.75
985.91
986.79
985.71
986.32
988.27
985.87
983.86
988.35
984.19
988.86
980.90
985.73
986.63
985.10
986.18
985.98
985.49
985.08
988.92
985.69
986.56
987.11
987.54
985.28
985.51
986.58
986.00
984.43
984.76
986.87
984.37
986.10
986.49
985.57
989.90
984.56
985.87
982.57
981.44
983.65
981.21
986.42
982.63
985.73
981.99
985.80
985.59
987.38
984.58
984.72
987.73
985.32
989.13
984.98
987.77
984.50
984.68
985.42
987.31
984.76
984.67
986.10
987.92
983.95
981.79
982.38
989.50
988.33
985.81
985.39
984.34
984.85
985.93
986.25
983.98
987.26
985.27
986.41
988.26
986.59
986.41
985.44
987.98
984.93
989.93
986.03
986.18
986.53
988.32
986.10
990.09
985.37
989.43
982.58
989.32
988.69
988.03
986.75
986.91
986.90
985.76
987.50
985.23
986.73
984.11
985.33
987.76
984.03
985.50
985.51
984.16
985.02
987.54
987.50
986.22
987.53
983.96
986.71
985.57
985.49
983.82
989.65
983.88
989.17
986.46
989.44
988.60
986.22
984.40
984.32
988.39
988.94
986.68
985.71
983.62
984.20
988.67
984.14
986.93
988.20
988.66
985.38
986.25
989.21
981.09
986.62
984.66
984.75
989.67
985.10
984.22
983.76
985.23
987.58
982.29
985.13
983.72
990.37
984.79
984.23
986.48
985.23
985.32
987.08
987.51
988.21
985.37
988.06
982.45
984.92
987.04
984.20
985.44
986.45
983.82
983.19
984.67
987.29
982.49
987.51
986.94
982.02
984.83
985.74
981.78
986.05
984.98
987.18
988.18
980.79
981.82
985.16
986.53
986.54
983.99
985.50
985.65
985.60
985.98
987.99
984.79
984.30
985.30
987.42
983.76
989.97
984.36
986.42
985.57
987.97
982.41
989.46
983.54
983.10
983.67
984.63
986.78
980.18
987.90
985.43
985.71
986.30
986.08
978.97
983.37
983.54
985.41
986.46
985.69
986.86
987.62
986.55
986.67
985.78
985.27
988.96
985.09
985.73
985.77
983.90
988.42
988.53
987.96
984.13
985.54
987.70
987.03
985.15
984.54
988.78
990.06
985.85
990.05
982.69
985.30
984.42
983.33
985.30
984.99
985.25
986.19
989.34
986.72
986.55
988.48
986.36
982.77
984.72
986.11
985.01
986.76
984.90
987.18
986.22
984.55
987.94
985.62
986.48
986.28
989.65
987.79
986.60
983.70
986.23
983.75
982.23
984.14
984.93
986.47
989.81
985.54
989.26
986.53
987.75
985.68
984.35
984.81
985.52
985.77
984.32
984.50
987.80
986.12
987.56
988.75
985.09
986.44
984.49
987.65
988.50
985.53
983.71
988.33
987.73
984.01
983.29
986.30
985.60
986.54
983.90
983.96
986.82
984.97
986.96
984.57
982.75
984.36
989.97
986.66
988.06
984.51
982.88
987.17
987.27
986.45
985.78
984.68
982.17
987.12
984.09
987.66
986.56
984.15
985.24
986.45
990.32
983.97
985.33
984.57
986.11
981.95
987.16
986.08
984.59
985.23
985.51
987.83
981.73
984.50
985.92
987.89
986.63
990.33
982.21
982.29
989.91
982.51
985.83
983.64
986.42
987.13
987.85
985.72
987.81
985.85
988.25
989.07
985.77
986.49
987.65
983.02
985.21
987.11
985.45
983.26
982.11
988.59
986.08
990.29
987.59
985.88
984.52
984.48
986.22
984.08
988.64
986.51
984.23
986.04
988.74
985.05
982.01
987.64
982.81
987.10
988.49
986.16
987.89
987.25
985.23
982.55
986.53
985.81
982.97
987.93
987.60
989.87
986.57
988.77
986.38
986.31
985.56
987.53
986.59
988.26
986.11
988.18
988.44
986.37
984.72
981.90
979.43
987.75
983.27
985.46
987.47
983.07
985.10
984.43
983.27
984.60
982.35
983.58
987.50
984.84
984.61
986.55
985.84
986.32
985.19
990.38
985.50
985.99
984.96
984.47
984.75
988.91
986.65
984.72
988.65
988.57
988.53
984.06
983.93
984.76
982.76
987.05
983.24
986.21
985.71
983.19
985.72
985.29
987.96
984.11
982.99
984.89
985.26
984.62
984.62
988.70
985.52
986.79
987.15
988.03
981.90
986.66
989.04
985.82
985.69
988.44
987.97
985.27
987.05
984.39
985.10
986.36
988.55
983.70
985.37
985.05
990.09
983.22
985.46
987.65
986.77
987.83
984.83
984.68
986.68
986.62
987.19
987.73
986.86
984.68
985.08
989.60
985.36
985.30
985.27
985.04
987.40
981.96
986.88
986.71
986.93
985.60
986.46
982.93
987.01
989.54
984.85
984.89
985.01
988.37
989.48
983.96
989.00
984.52
984.80
987.98
983.58
986.52
985.81
988.76
985.70
984.40
986.09
987.72
984.81
986.44
985.55
986.10
988.00
988.83
989.43
982.75
986.36
985.02
984.76
988.29
984.22
986.36
986.86
984.50
986.70
983.96
984.78
987.17
982.80
987.90
984.71
984.56
986.83
988.45
984.92
985.46
987.42
987.02
985.72
986.90
988.32
983.27
985.99
983.67
984.83
984.08
989.94
987.36
985.12
982.36
987.79
986.82
989.29
989.68
988.65
985.78
984.62
983.53
987.11
983.52
982.88
987.33
985.30
985.16
982.99
984.35
987.07
986.71
983.17
983.06
987.91
983.08
984.25
987.19
982.24
984.85
989.49
987.50
987.56
985.25
985.82
986.54
985.10
986.23
985.86
983.73
985.86
985.12
985.97
985.46
981.71
983.13
984.66
983.92
986.09
986.19
987.37
986.82
986.05
985.68
989.28
985.38
987.92
986.59
987.39
989.28
988.96
987.82
987.03
984.00
985.80
979.52
985.25
986.57
988.65
987.84
984.70
988.71
984.85
983.79
986.48
988.57
985.67
986.10
984.26
982.34
989.61
983.98
986.31
985.15
983.17
989.23
982.48
987.25
981.16
984.16
987.06
986.70
984.19
983.91
985.95
985.38
987.61
988.25
983.83
981.70
985.33
983.04
987.00
988.87
986.14
982.75
983.34
986.56
983.01
986.38
982.41
984.40
986.37
987.71
986.97
988.93
984.12
986.52
982.17
984.18
985.13
986.03
987.55
985.17
983.72
983.53
987.54
981.18
990.27
984.14
987.50
982.65
987.92
982.23
983.22
989.44
982.99
983.82
986.67
986.23
987.14
985.96
989.18
985.78
987.93
985.70
985.99
984.28
988.23
985.94
987.46
984.53
986.95
984.00
987.73
987.11
985.50
985.05
986.36
985.83
988.63
983.52
989.11
986.35
987.40
987.06
984.51
980.45
983.74
982.98
986.51
985.96
989.37
986.19
983.95
985.73
984.62
987.09
986.22
984.20
984.40
984.72
985.54
983.55
987.92
986.02
989.77
985.71
988.44
987.61
984.75
987.78
985.93
984.09
989.22
985.19
985.83
985.24
986.96
981.50
984.29
986.48
987.24
986.09
987.19
986.80
986.42
987.35
988.68
984.96
981.35
985.24
985.48
983.61
982.96
987.45
984.48
987.90
983.96
984.92
987.07
987.56
986.32
986.30
986.82
985.09
984.28
989.98
982.88
983.32
988.36
988.72
986.05
986.17
986.71
986.99
986.86
986.29
987.29
981.67
986.98
987.15
986.94
983.59
987.15
983.99
985.17
987.41
982.04
988.15
987.77
984.41
985.35
985.41
984.94
984.34
986.60
988.35
985.57
989.27
985.27
986.85
990.07
989.04
984.38
989.07
986.22
984.16
989.43
986.38
983.04
982.62
988.47
983.71
985.07
986.94
987.06
984.03
989.33
984.30
983.21
983.59
989.45
983.84
988.42
986.10
985.98
984.69
984.33
986.00
988.57
986.66
982.77
985.76
986.06
985.74
984.94
984.86
983.82
986.62
982.89
984.70
981.85
985.09
985.63
985.44
988.46
989.51
984.31
983.39
983.93
986.82
984.60
986.54
990.38
988.26
988.04
990.67
989.94
985.04
984.92
986.34
987.64
984.01
987.04
984.71
987.46
986.54
989.29
988.46
985.93
983.08
988.11
985.20
986.62
987.62
984.38
984.07
987.42
983.14
986.76
985.09
984.14
983.61
984.09
987.57
983.09
983.38
986.79
985.45
982.45
987.96
984.72
984.29
988.73
987.31
985.08
987.99
986.08
985.54
985.88
986.56
984.85
984.74
989.35
986.87
983.57
987.67
985.10
986.34
983.28
986.94
983.41
987.88
986.97
987.28
989.89
987.28
986.32
988.53
991.38
985.54
987.24
984.04
987.29
988.70
989.25
985.52
983.26
986.10
985.77
986.91
985.99
986.87
985.20
985.30
987.35
985.93
986.68
984.02
987.72
986.48
982.69
984.07
986.00
986.38
988.03
986.32
987.02
987.98
990.52
987.86
989.06
982.63
986.10
985.69
984.91
986.92
989.82
987.51
986.68
987.84
987.46
986.43
986.49
988.06
985.51
991.43
988.72
984.14
980.65
989.90
983.43
988.20
987.49
987.29
984.79
981.81
987.40
986.31
986.08
983.94
989.50
986.91
986.24
986.76
988.54
986.71
986.49
983.32
985.23
989.47
984.74
988.41
987.49
986.42
986.91
987.51
988.24
985.92
984.91
985.53
988.18
988.49
987.04
988.73
983.57
985.31
985.70
982.83
984.51
986.03
984.52
985.93
984.40
987.64
987.75
988.40
984.56
984.35
987.23
985.23
983.44
985.91
989.48
982.89
986.93
987.13
988.07
989.07
987.30
986.14
983.63
984.20
988.51
984.69
986.23
985.30
986.41
984.60
988.18
983.74
987.65
985.73
986.51
983.01
986.67
985.48
984.47
986.48
987.63
986.92
988.27
985.88
982.92
985.38
986.56
988.91
984.01
985.17
987.62
985.59
989.20
983.94
984.45
987.71
985.41
986.94
986.07
986.03
986.39
986.05
983.38
983.43
983.03
982.80
982.69
986.58
984.77
987.47
984.47
987.74
981.58
985.11
984.32
988.59
987.27
984.69
982.89
989.63
988.24
986.73
983.98
985.31
984.96
986.19
986.64
987.76
983.45
985.65
988.21
984.06
987.47
982.51
987.46
985.85
986.23
988.09
985.30
987.09
982.72
982.29
988.35
987.05
981.42
986.26
982.23
986.25
989.22
986.72
987.63
988.85
985.45
983.10
986.50
984.06
982.80
985.05
984.73
985.85
987.27
987.76
986.01
984.97
984.33
986.04
982.81
987.70
984.32
984.97
984.00
986.72
984.25
990.10
987.02
982.41
984.85
985.79
987.63
987.72
984.51
986.80
987.15
987.58
987.04
985.87
987.23
988.33
985.99
983.65
982.55
987.86
987.41
983.51
986.61
984.65
983.38
987.28
985.67
985.82
985.68
983.46
982.52
987.06
984.97
985.92
986.62
985.01
982.17
984.54
984.13
983.38
985.75
984.62
989.17
983.02
984.37
989.21
986.48
988.40
985.95
985.10
985.68
985.55
985.95
980.26
987.87
982.07
984.39
988.03
984.11
988.71
982.67
986.70
982.15
987.95
983.50
985.57
986.09
984.22
988.18
986.36
987.86
986.15
986.11
984.58
981.63
991.41
984.87
986.35
983.99
987.08
987.88
985.28
987.61
989.79
984.06
986.36
982.63
984.97
985.77
987.91
982.88
984.55
981.93
985.02
986.67
987.08
986.75
984.82
986.83
982.06
985.77
987.49
985.11
987.02
989.50
986.04
989.13
984.11
984.55
985.80
986.88
987.67
984.31
985.52
987.50
987.83
984.02
985.82
985.07
985.70
984.39
982.85
985.57
984.75
985.66
987.46
987.51
986.23
984.02
989.24
989.84
985.39
988.39
984.93
984.79
984.95
984.84
986.47
983.57
984.74
985.69
986.82
983.71
983.68
985.96
987.62
986.65
988.50
984.25
986.76
986.24
981.76
985.27
982.90
985.71
984.66
985.49
985.22
986.66
989.15
988.52
987.22
981.92
987.39
985.68
987.68
984.68
988.92
985.58
984.50
990.29
982.97
986.47
986.72
985.01
985.13
984.12
986.59
987.65
983.27
984.49
987.45
986.45
986.62
981.26
987.44
986.10
984.49
981.61
984.25
984.81
989.26
980.37
986.67
986.55
989.17
988.36
984.84
989.48
987.31
987.27
987.62
986.22
987.95
982.55
990.07
985.82
986.31
984.60
985.96
982.58
987.22
989.49
983.25
984.11
981.43
991.04
985.89
986.83
990.36
986.17
984.55
987.49
985.72
985.91
983.24
986.59
984.63
983.97
984.55
984.32
986.29
983.80
983.74
986.14
985.60
987.64
985.29
984.14
981.79
988.92
981.01
988.65
987.00
989.75
982.75
984.59
985.09
988.12
986.65
985.49
984.65
985.47
987.92
985.20
985.85
986.75
984.49
989.40
986.14
985.71
987.05
984.43
984.23
985.68
983.97
989.84
983.72
988.14
985.74
986.46
989.31
987.36
986.22
985.88
986.91
987.27
981.83
985.54
986.68
986.12
984.53
985.70
986.38
983.67
985.66
984.03
983.58
988.11
987.74
985.78
984.09
986.36
985.74
986.06
985.78
988.12
988.07
985.11
987.66
986.40
985.73
985.56
984.26
986.26
984.11
985.23
988.20
988.54
983.98
986.17
983.97
986.08
989.33
980.93
989.99
984.83
987.31
985.69
984.27
984.82
983.45
987.08
985.74
987.25
984.65
984.55
984.14
984.81
984.69
989.37
984.13
987.94
988.82
986.88
988.31
986.73
984.81
983.96
985.01
985.34
986.02
986.96
986.83
982.64
985.19
988.70
988.57
988.71
988.63
981.72
988.04
986.45
983.01
987.08
986.40
990.07
983.75
986.85
984.27
988.23
985.99
986.09
982.42
986.33
982.69
980.88
984.93
983.70
985.13
985.50
988.10
985.80
985.20
990.71
988.49
986.68
987.94
987.58
987.50
985.72
981.33
985.77
986.23
987.15
987.97
986.57
984.21
983.84
986.50
985.97
985.77
980.30
985.33
984.85
985.67
988.99
983.43
986.36
987.04
988.01
982.51
990.11
986.77
985.57
983.29
986.38
982.47
987.94
984.51
985.09
989.33
987.43
985.25
988.52
981.95
989.27
986.93
986.86
983.36
982.47
988.34
989.20
985.26
986.86
986.28
990.75
986.23
985.43
987.03
986.74
985.26
984.72
990.16
985.87
985.99
985.25
987.53
984.85
987.95
984.46
982.66
989.64
985.31
982.58
987.91
986.28
984.73
988.60
984.71
986.32
984.97
986.08
987.95
983.55
983.87
986.38
985.87
986.20
986.06
983.40
985.88
985.10
986.00
987.15
981.39
984.66
981.84
986.02
984.40
986.37
984.25
987.84
986.39
983.73
989.53
983.87
987.57
983.98
982.48
987.26
987.93
981.50
987.11
984.07
985.10
989.81
984.48
984.06
984.09
981.90
984.56
985.56
987.39
982.96
983.94
989.39
984.16
988.69
985.60
987.80
978.59
986.91
986.63
984.39
985.70
982.27
989.29
987.09
985.50
984.94
983.95
984.45
987.98
982.90
986.86
984.43
986.09
984.84
988.37
988.08
985.76
985.12
984.64
984.95
986.51
981.23
986.46
984.86
986.73
987.48
987.67
989.98
984.93
985.81
986.25
984.96
987.40
990.35
985.41
986.26
985.30
986.01
983.43
986.37
984.53
986.80
984.04
987.18
984.29
983.88
989.41
983.17
984.65
985.14
983.72
986.72
987.82
987.65
988.88
981.74
986.01
985.01
986.06
991.40
986.38
988.96
984.12
986.61
988.24
985.70
985.23
983.16
985.91
987.03
986.12
988.86
984.86
985.46
987.69
985.52
983.55
982.67
986.29
985.68
985.19
985.16
989.11
987.25
986.85
986.41
985.03
984.40
990.52
986.50
985.36
983.66
985.11
985.58
984.96
986.29
984.59
987.69
988.49
985.85
984.23
986.64
986.36
985.24
985.39
981.82
986.91
985.52
985.89
985.73
983.01
988.53
989.16
984.27
985.95
986.96
986.52
984.43
987.06
987.26
987.43
983.01
984.38
984.96
984.91
986.24
988.33
986.41
987.39
986.37
988.41
987.11
987.12
987.23
985.76
987.83
987.90
981.84
987.05
986.96
987.72
985.52
984.24
982.17
990.02
989.11
985.58
981.98
982.60
987.85
986.14
985.58
986.02
986.72
988.53
985.70
986.23
988.31
987.78
985.13
987.85
985.08
988.13
986.55
986.22
988.35
984.40
985.17
982.74
985.37
986.12
983.92
985.72
983.70
986.64
985.22
987.05
990.08
984.94
986.92
984.99
986.16
984.98
987.07
984.52
983.11
983.22
985.06
986.48
985.37
988.66
986.05
986.00
985.51
984.75
986.35
986.68
989.60
984.25
984.67
984.69
985.38
983.11
985.64
985.28
984.91
986.68
984.86
983.58
985.75
988.05
982.78
984.62
983.74
987.27
990.71
985.74
985.35
986.10
987.34
988.47
987.11
986.36
987.55
990.88
987.69
985.12
985.51
984.07
986.78
985.18
985.55
985.23
984.87
983.93
983.12
985.82
989.75
986.92
990.46
985.10
989.38
989.22
985.06
984.72
989.05
984.13
986.36
988.56
985.69
988.19
985.10
985.88
986.95
987.68
986.35
983.68
983.63
987.58
983.46
986.82
985.37
986.62
987.71
984.58
983.42
984.94
986.39
987.22
987.42
988.27
985.77
984.68
987.49
984.03
988.00
986.35
990.28
985.06
983.18
984.50
985.41
986.70
988.01
983.13
986.66
979.43
984.25
987.06
984.58
985.90
986.48
984.21
990.12
984.52
986.62
987.99
987.45
984.11
987.92
985.63
989.27
985.90
987.55
985.80
983.72
990.45
984.50
986.41
986.24
985.25
988.92
985.21
986.52
984.98
982.92
988.44
986.88
985.41
989.98
987.84
985.16
983.92
986.20
987.64
985.56
986.37
988.66
986.33
985.52
986.65
984.06
985.12
989.59
984.11
982.45
982.83
988.09
985.57
988.03
986.77
983.54
986.13
985.84
987.52
985.19
988.80
987.72
987.63
986.13
985.88
985.51
985.83
986.17
985.44
985.47
978.61
985.41
985.45
987.20
982.71
981.46
988.07
987.40
987.31
982.44
988.01
984.42
987.39
988.17
989.71
988.25
987.02
987.50
986.70
986.62
985.72
985.14
986.55
985.09
984.02
980.53
985.89
985.40
987.32
988.88
985.90
984.43
986.84
985.98
985.66
989.43
986.95
985.94
983.54
987.98
984.89
987.75
987.12
983.00
985.76
986.15
985.34
986.95
987.97
982.38
987.82
985.45
986.02
984.53
985.21
980.34
986.92
988.58
987.35
987.01
983.44
987.27
986.16
984.70
985.00
985.06
985.44
986.54
985.92
981.74
986.54
990.11
984.35
988.37
987.10
986.15
984.22
985.97
983.88
986.75
990.06
986.24
986.53
988.07
984.20
986.75
989.09
983.69
988.63
986.33
984.00
984.72
985.13
987.97
983.52
984.46
983.19
985.27
987.42
986.69
989.73
986.21
983.99
982.93
984.20
985.75
985.72
985.78
987.99
986.12
987.24
985.76
985.65
985.76
981.87
986.49
985.62
989.11
985.95
984.58
987.69
988.10
985.54
984.23
983.97
987.20
987.75
987.68
985.48
988.10
984.21
987.48
990.02
984.65
985.67
986.96
985.36
984.25
986.93
989.47
984.40
985.74
981.06
984.53
985.09
983.37
986.58
985.42
982.00
987.54
984.94
986.77
985.66
985.24
983.88
984.02
987.45
987.91
986.23
987.13
983.66
983.39
986.46
986.54
985.55
984.72
984.56
985.18
987.54
985.59
982.58
986.76
987.75
985.27
986.00
986.18
984.33
985.55
985.07
986.14
988.83
984.95
986.44
988.76
988.18
985.76
989.33
986.91
985.83
985.95
990.12
984.72
983.56
986.47
983.49
987.89
986.89
985.07
984.78
983.35
986.44
987.83
986.82
986.71
986.65
982.14
984.03
987.72
987.99
986.18
985.99
988.60
984.89
986.81
986.09
987.90
985.61
985.89
988.74
985.04
988.04
988.25
981.67
986.93
987.39
984.96
984.58
986.62
989.04
986.56
984.44
986.97
984.20
985.37
984.17
987.04
987.58
986.82
985.92
984.76
989.20
984.01
987.38
986.53
985.65
983.27
984.81
988.98
986.44
984.47
987.34
986.14
984.37
986.01
981.98
986.12
985.96
983.99
987.79
985.74
987.09
987.21
988.06
988.37
985.79
987.79
984.70
986.92
986.61
986.14
985.62
985.47
988.52
986.58
982.09
986.97
985.91
987.10
985.65
988.39
988.82
986.15
985.05
987.53
987.47
986.24
987.75
988.83
986.18
982.26
984.85
986.35
985.15
986.42
988.17
987.27
982.33
985.18
981.68
987.19
983.40
984.57
987.97
986.41
986.35
986.06
987.57
984.50
989.10
986.24
982.27
988.42
986.57
989.20
986.44
986.84
986.28
988.57
985.65
984.02
987.86
989.69
985.66
983.35
985.76
982.08
984.66
988.23
987.45
983.24
983.53
986.86
988.62
987.19
988.75
986.10
984.34
989.41
984.59
984.63
984.77
986.69
988.09
986.52
986.80
989.69
983.58
985.21
988.11
982.42
986.30
982.69
987.42
988.62
986.44
984.92
988.97
985.28
985.73
984.59
982.35
983.88
986.89
986.78
985.12
987.07
983.37
984.94
987.99
987.56
985.38
987.90
984.19
989.52
986.94
982.64
988.64
984.67
985.76
987.00
990.30
991.05
988.49
987.44
986.23
987.50
986.98
985.24
983.59
985.52
984.56
987.97
986.53
984.88
985.27
987.61
983.65
986.07
987.95
985.84
983.01
986.16
986.62
985.48
987.85
984.09
988.66
990.56
988.14
986.55
986.30
986.76
983.86
987.01
987.59
986.07
990.73
987.53
986.31
988.23
987.25
988.38
987.57
984.52
987.93
985.07
987.05
985.71
986.34
984.97
985.61
987.21
987.77
986.30
985.70
983.65
987.63
984.10
985.82
984.26
985.61
985.97
985.45
987.49
986.50
983.99
988.75
987.25
987.86
984.89
987.84
988.02
984.30
988.04
984.07
987.02
983.01
984.23
986.63
988.35
985.90
985.55
990.43
985.89
982.69
985.81
987.68
986.03
984.86
985.13
983.78
986.36
984.51
989.30
987.28
985.67
985.92
986.82
984.55
984.56
983.69
988.02
987.01
984.65
988.25
984.59
981.23
985.82
984.50
982.67
983.06
987.24
984.01
989.45
986.39
986.84
982.85
983.36
986.87
981.92
984.38
986.52
987.55
982.74
985.94
987.92
979.50
984.11
985.78
985.54
986.98
988.60
984.99
988.55
984.76
978.69
986.93
985.01
986.59
989.88
985.31
987.55
988.79
985.72
990.21
990.33
982.76
984.53
983.20
984.71
986.15
984.29
985.14
984.78
984.96
988.65
984.35
984.77
988.27
983.23
985.85
985.17
987.48
984.72
988.30
988.01
985.01
986.11
986.66
987.49
987.75
987.12
983.95
988.41
983.29
985.33
986.07
984.07
981.40
985.03
985.13
985.00
985.06
985.22
981.86
989.74
985.17
987.28
985.47
986.20
984.70
984.52
987.43
983.94
984.89
984.12
985.10
984.73
987.24
983.77
989.01
985.79
983.58
983.15
985.98
983.69
982.61
983.60
983.10
983.60
984.69
985.17
987.82
984.17
988.78
983.87
987.17
986.04
987.04
985.53
985.57
987.01
988.68
988.92
987.85
981.20
985.93
985.35
985.12
981.76
983.82
988.36
983.03
986.96
990.55
987.75
984.37
988.96
984.13
986.36
984.91
985.51
985.07
983.15
988.43
984.86
984.46
983.90
983.05
984.69
988.24
988.43
987.88
985.60
983.26
989.11
984.72
986.16
983.41
987.89
983.84
986.68
987.62
988.49
986.85
984.79
988.53
985.33
983.34
986.71
984.68
989.63
987.03
983.33
985.78
987.52
984.85
984.99
982.85
989.37
988.71
987.56
982.61
984.43
986.00
983.22
983.67
983.25
984.21
984.80
984.78
986.67
986.75
986.18
987.48
988.23
987.42
989.00
985.11
986.23
988.84
984.09
986.43
984.95
986.98
988.17
986.00
987.58
983.91
985.30
986.01
984.11
985.32
985.47
983.14
988.22
984.49
987.44
988.41
987.01
986.84
986.47
984.11
986.58
983.50
984.55
982.27
988.95
985.68
984.64
986.84
982.44
985.37
986.45
986.21
987.62
983.08
985.57
988.91
984.46
985.05
984.99
985.21
984.56
985.96
987.97
985.69
988.11
993.44
985.07
985.23
989.00
985.45
987.50
985.17
985.04
990.43
988.14
986.21
985.83
985.76
987.09
985.41
984.82
985.81
984.77
987.49
984.46
984.51
985.54
981.74
984.84
988.75
986.62
985.31
984.87
989.74
985.73
982.23
985.08
986.18
989.75
986.61
989.48
984.12
981.17
988.83
986.68
985.04
986.68
980.39
986.17
986.69
987.04
983.95
990.60
983.44
984.01
988.66
985.58
988.81
988.68
986.89
987.04
984.06
984.90
985.23
985.36
986.21
986.93
987.01
987.13
984.80
985.62
984.33
989.60
987.43
985.50
985.96
984.55
986.19
985.98
982.98
987.01
988.29
986.09
983.61
986.56
982.75
988.32
986.94
980.77
986.14
987.34
987.22
983.83
983.94
985.81
985.93
989.08
987.55
983.18
984.58
986.33
984.92
985.96
985.79
987.47
986.13
986.48
988.37
985.54
985.42
988.33
986.07
982.42
987.47
987.54
986.75
984.08
988.09
985.03
988.54
984.29
985.66
983.06
983.86
988.97
988.14
984.60
985.86
983.45
991.37
984.28
985.57
987.53
983.62
985.89
986.37
984.82
986.21
984.98
984.16
986.11
983.47
984.00
986.70
986.66
984.74
986.84
983.04
985.08
983.53
987.30
986.66
983.43
987.03
987.18
986.23
983.25
982.69
987.05
989.73
986.86
985.81
984.84
984.51
983.65
985.67
987.27
982.38
982.97
985.78
984.79
985.37
989.05
986.13
987.01
984.95
987.04
982.31
987.72
986.06
983.62
985.83
986.83
987.00
987.81
985.93
984.38
988.60
988.70
984.91
986.80
988.60
985.64
988.34
985.36
986.65
986.54
987.71
986.92
988.11
987.08
984.97
984.81
986.03
988.60
984.87
984.52
984.33
988.27
982.84
982.26
989.05
987.36
982.04
986.70
989.30
988.28
987.62
988.93
983.72
986.92
986.89
983.63
985.42
985.41
986.82
989.29
987.73
982.79
984.50
986.52
985.46
981.86
984.13
982.58
988.14
987.79
984.64
985.71
985.82
986.42
985.37
985.04
985.35
985.97
990.06
982.82
986.09
982.63
987.05
987.53
984.92
987.07
984.37
985.24
986.33
986.60
983.87
981.02
984.43
988.34
986.59
987.26
985.73
985.53
983.90
983.62
985.29
986.13
984.73
983.06
988.84
988.33
987.09
986.27
984.75
988.37
986.82
985.60
989.10
984.19
986.70
984.34
985.87
984.59
986.75
987.76
982.20
985.10
985.37
989.16
985.65
986.14
983.68
989.68
985.09
982.10
983.86
987.06
986.68
986.38
986.07
990.08
992.01
983.28
988.30
982.41
982.47
988.85
987.81
985.77
987.74
985.98
986.54
984.34
986.62
982.42
988.05
982.67
984.06
986.81
988.74
989.00
986.48
986.39
986.05
986.11
988.22
986.17
987.72
986.71
983.63
986.71
985.46
984.32
988.85
987.08
986.65
988.83
986.30
986.45
990.13
982.60
986.91
988.63
987.19
983.22
982.20
987.67
984.71
986.01
988.44
985.96
983.23
985.06
986.39
985.90
982.91
985.09
986.63
983.06
985.69
988.38
990.32
984.29
989.94
986.57
